27

5 888
1 24
15 675
4 813
4 726
8 426

10 1432
11 783
13 137
16 652
13 185
8 793
7 934
14 506
16 162
5 20
1 139

15 3634
15 762
14 327
8 568
1 640
11 753
16 574
10 472
1 305
1 390
7 499
1 905
9 792
6 597
3 863
5 969

20 4545
8 802
9 471
6 951
16 760
2 582
14 666
12 721
7 682
4 930
15 310
13 496
12 240
1 168
4 3
4 482
14 65
1 324
13 844
6 973
10 656

190 490524175
69 8730152
69 4190060
69 5665313
69 8723046
69 6444869
69 3988411
69 5656307
69 3406808
69 2782403
69 3477230
69 9053473
69 8642949
69 1960708
69 4457605
69 7462233
69 5131360
69 4684357
69 1510240
69 218037
69 5179910
69 1237682
69 1746929
69 1906190
69 6885645
69 5749361
69 2328751
69 6140532
69 1010195
69 551281
69 2145780
69 5790395
69 7484901
69 2208085
69 7636410
69 467952
69 4510612
69 5025612
69 816591
69 9597425
69 7123042
69 2886970
69 7677845
69 9332786
69 2566462
69 4152919
69 8110289
69 6873391
69 5587190
69 6957577
69 5706268
69 9358556
69 1976865
69 8003545
69 5917235
69 9059822
69 1040227
69 8816964
69 7093093
69 3406922
69 4662723
69 6194807
69 1447003
69 6949950
69 3786861
69 5968112
69 6681186
69 2175101
69 4898822
69 1898505
69 6700413
69 8579853
69 9178427
69 8999211
69 6256899
69 4198007
69 3001040
69 4828710
69 919862
69 4254324
69 543659
69 6800527
69 5400521
69 3041928
69 9775059
69 4870005
69 6421019
69 8112001
69 8366292
69 438785
69 8651919
69 9122856
69 7022316
69 5943864
69 1515772
69 1259328
69 6467847
69 6674930
69 4144675
69 1970622
69 6645261
69 5551792
69 9037213
69 4800421
69 2738848
69 8358215
69 8106736
69 3598902
69 8711651
69 2870798
69 5104546
69 1521969
69 7749260
69 9394686
69 8241655
69 9350546
69 7280989
69 8229082
69 4497877
69 2245236
69 2201677
69 622126
69 6742721
69 8376840
69 7782566
69 184513
69 8823403
69 5731473
69 3328906
69 5885417
69 8957447
69 5599139
69 7988615
69 8855227
69 2927275
69 7738128
69 8504314
69 8642246
69 9054567
69 7908882
69 6067458
69 3731179
69 1120145
69 7959486
69 3065535
69 147398
69 5870651
69 9256717
69 6249996
69 1954707
69 5708877
69 2704849
69 860361
69 4538199
69 2515965
69 1430377
69 5421809
69 1784434
69 5993855
69 36955
69 3084249
69 9800543
69 2219887
69 2693399
69 3850268
69 7390094
69 708050
69 695214
69 1348426
69 3264873
69 6362706
69 6098467
69 6963767
69 1003436
69 4712031
69 893778
69 7866672
69 9780306
69 4513430
69 4401043
69 5264835
69 8843152
69 721660
69 9331491
69 4494602
69 188068
69 5237286
69 3258633
69 9333899
69 3775756
69 5091172

179 602376332
100 8165868
100 6590387
100 5401383
100 2049905
100 590441
100 5770835
100 9864759
100 1311831
100 8720290
100 4506667
100 2701457
100 6071707
100 4956872
100 7017939
100 493846
100 786088
100 749297
100 8604246
100 9452423
100 2983093
100 6919205
100 3263114
100 8459607
100 937723
100 638080
100 671500
100 1683404
100 7929547
100 2906869
100 7921270
100 8548084
100 3884997
100 7465510
100 2514103
100 8970403
100 1930637
100 765492
100 7624324
100 1052443
100 8210087
100 7388809
100 1232978
100 370196
100 7813606
100 6113261
100 1653602
100 1484654
100 122552
100 8323910
100 2476906
100 5510204
100 9191401
100 1311467
100 4776942
100 9003678
100 8114126
100 1651818
100 7763660
100 8231379
100 342262
100 1930975
100 8011429
100 4409045
100 3497956
100 9836440
100 5686460
100 9093136
100 2314648
100 69884
100 6417702
100 5330246
100 9499820
100 310404
100 478222
100 1621001
100 6385348
100 6833515
100 3961709
100 1970897
100 5619624
100 6949866
100 7189968
100 9834815
100 2472725
100 3259657
100 4374749
100 8955254
100 7263133
100 6027202
100 7910924
100 7187008
100 2789133
100 1822666
100 5284690
100 6590798
100 2406696
100 4209881
100 8516706
100 7312953
100 3047033
100 9229861
100 7700652
100 1815761
100 8918989
100 2682933
100 6269146
100 8785704
100 4538364
100 4236086
100 7599550
100 5614185
100 2760595
100 8585489
100 2956589
100 5576971
100 8224397
100 5217238
100 1975726
100 7247262
100 6819503
100 8987876
100 6429297
100 3744846
100 4898992
100 7329443
100 2249512
100 3157360
100 6664370
100 1555743
100 8706750
100 1794718
100 664815
100 6422843
100 3220245
100 2753508
100 927648
100 2112304
100 1779649
100 7335021
100 1144312
100 6729056
100 9059587
100 9727875
100 7664954
100 5232982
100 6861564
100 7759039
100 7875193
100 2408121
100 115511
100 742488
100 3015634
100 8747979
100 9591932
100 3649400
100 7863051
100 7624784
100 1699191
100 6157403
100 9117919
100 8864893
100 8789073
100 7432311
100 1830264
100 3743410
100 1634359
100 4128655
100 731521
100 657681
100 3493193
100 5838241
100 7000678
100 7796911
100 1481270
100 2096703
100 1766561
100 6913369
100 4479542
100 9287316

116 259796146
154 1002737
154 4716010
154 3253836
154 8030678
154 1088137
154 6007553
154 5631182
154 3052612
154 2744488
154 8248679
154 4639652
154 9171653
154 5504640
154 8168803
154 5923091
154 2783825
154 5908606
154 6722144
154 175998
154 7149137
154 9297652
154 9546040
154 6443190
154 2319476
154 5942029
154 5288315
154 8509029
154 7519434
154 8268083
154 2209228
154 9284434
154 8812263
154 3463312
154 6745323
154 1229799
154 1452472
154 7764105
154 5346223
154 9206488
154 1824787
154 3169028
154 3088916
154 2277847
154 3086684
154 8475696
154 5327361
154 9807325
154 4646857
154 9222465
154 8920686
154 4492602
154 97449
154 4142648
154 5938753
154 5933528
154 9253866
154 8831028
154 4105536
154 4425488
154 9122178
154 6452036
154 8140679
154 9772081
154 2977199
154 8093430
154 7774527
154 9456001
154 4106462
154 1340561
154 6269936
154 3186776
154 7729771
154 6611496
154 2385201
154 4466786
154 4567563
154 9471350
154 8503305
154 2297527
154 4673962
154 6646301
154 8458021
154 4630466
154 4313071
154 6404711
154 4307502
154 3385731
154 8537806
154 2480358
154 1126869
154 3303912
154 8112552
154 6846724
154 9513971
154 5114002
154 2032067
154 8940183
154 1308268
154 4158481
154 7088204
154 8448617
154 2967058
154 9404903
154 5703892
154 5866219
154 8562531
154 7080363
154 1221158
154 2026075
154 6600735
154 4854097
154 601315
154 2846522
154 6794133
154 9431210
154 6672091

124 135740615
109 3465248
168 3465248
88 3465248
48 3465248
140 3465248
41 3465248
140 3465248
147 3465248
191 3465248
48 3465248
31 3465248
136 3465248
24 3465248
25 3465248
79 3465248
195 3465248
90 3465248
102 3465248
165 3465248
123 3465248
72 3465248
161 3465248
73 3465248
119 3465248
132 3465248
73 3465248
12 3465248
123 3465248
120 3465248
21 3465248
101 3465248
154 3465248
162 3465248
19 3465248
192 3465248
151 3465248
27 3465248
187 3465248
138 3465248
129 3465248
95 3465248
99 3465248
171 3465248
156 3465248
145 3465248
175 3465248
148 3465248
42 3465248
144 3465248
124 3465248
60 3465248
163 3465248
97 3465248
15 3465248
72 3465248
108 3465248
164 3465248
15 3465248
63 3465248
127 3465248
104 3465248
82 3465248
142 3465248
129 3465248
170 3465248
104 3465248
8 3465248
98 3465248
96 3465248
17 3465248
38 3465248
117 3465248
70 3465248
1 3465248
75 3465248
20 3465248
146 3465248
181 3465248
151 3465248
90 3465248
76 3465248
4 3465248
57 3465248
125 3465248
160 3465248
140 3465248
37 3465248
163 3465248
148 3465248
29 3465248
131 3465248
53 3465248
41 3465248
65 3465248
138 3465248
88 3465248
18 3465248
140 3465248
163 3465248
90 3465248
87 3465248
107 3465248
22 3465248
181 3465248
186 3465248
54 3465248
112 3465248
71 3465248
84 3465248
10 3465248
61 3465248
198 3465248
132 3465248
86 3465248
45 3465248
192 3465248
118 3465248
198 3465248
130 3465248
173 3465248
105 3465248
181 3465248
165 3465248
194 3465248

270 556253248
125 2976506
159 2976506
35 2976506
36 2976506
191 2976506
149 2976506
189 2976506
34 2976506
187 2976506
32 2976506
139 2976506
108 2976506
152 2976506
156 2976506
86 2976506
46 2976506
116 2976506
176 2976506
46 2976506
59 2976506
107 2976506
146 2976506
43 2976506
99 2976506
124 2976506
197 2976506
16 2976506
196 2976506
48 2976506
24 2976506
175 2976506
137 2976506
19 2976506
113 2976506
11 2976506
40 2976506
131 2976506
30 2976506
169 2976506
90 2976506
15 2976506
113 2976506
5 2976506
38 2976506
143 2976506
80 2976506
118 2976506
155 2976506
58 2976506
200 2976506
69 2976506
85 2976506
198 2976506
93 2976506
57 2976506
181 2976506
145 2976506
118 2976506
130 2976506
99 2976506
116 2976506
182 2976506
89 2976506
144 2976506
131 2976506
48 2976506
54 2976506
109 2976506
50 2976506
161 2976506
101 2976506
58 2976506
50 2976506
194 2976506
80 2976506
191 2976506
145 2976506
157 2976506
92 2976506
197 2976506
174 2976506
163 2976506
30 2976506
156 2976506
69 2976506
108 2976506
93 2976506
179 2976506
89 2976506
109 2976506
11 2976506
61 2976506
80 2976506
48 2976506
168 2976506
40 2976506
31 2976506
110 2976506
71 2976506
65 2976506
153 2976506
22 2976506
113 2976506
102 2976506
177 2976506
156 2976506
134 2976506
139 2976506
196 2976506
154 2976506
41 2976506
98 2976506
168 2976506
198 2976506
92 2976506
171 2976506
7 2976506
105 2976506
150 2976506
108 2976506
57 2976506
134 2976506
36 2976506
94 2976506
160 2976506
144 2976506
63 2976506
176 2976506
186 2976506
110 2976506
6 2976506
50 2976506
15 2976506
177 2976506
50 2976506
48 2976506
76 2976506
100 2976506
159 2976506
67 2976506
80 2976506
149 2976506
38 2976506
80 2976506
114 2976506
156 2976506
166 2976506
182 2976506
194 2976506
174 2976506
181 2976506
185 2976506
125 2976506
143 2976506
43 2976506
11 2976506
85 2976506
175 2976506
94 2976506
182 2976506
38 2976506
58 2976506
40 2976506
29 2976506
165 2976506
138 2976506
11 2976506
163 2976506
128 2976506
79 2976506
178 2976506
110 2976506
174 2976506
9 2976506
155 2976506
124 2976506
62 2976506
97 2976506
55 2976506
36 2976506
126 2976506
42 2976506
34 2976506
8 2976506
175 2976506
103 2976506
174 2976506
127 2976506
13 2976506
147 2976506
32 2976506
114 2976506
38 2976506
186 2976506
38 2976506
129 2976506
147 2976506
172 2976506
165 2976506
84 2976506
103 2976506
119 2976506
43 2976506
112 2976506
82 2976506
114 2976506
96 2976506
49 2976506
67 2976506
76 2976506
65 2976506
168 2976506
172 2976506
90 2976506
67 2976506
9 2976506
77 2976506
191 2976506
104 2976506
112 2976506
49 2976506
19 2976506
115 2976506
173 2976506
133 2976506
52 2976506
60 2976506
134 2976506
99 2976506
9 2976506
67 2976506
51 2976506
10 2976506
17 2976506
106 2976506
96 2976506
27 2976506
186 2976506
155 2976506
2 2976506
140 2976506
55 2976506
145 2976506
1 2976506
54 2976506
110 2976506
189 2976506
58 2976506
181 2976506
36 2976506
37 2976506
46 2976506
107 2976506
20 2976506
104 2976506
143 2976506
106 2976506
2 2976506
47 2976506
152 2976506
133 2976506
189 2976506
20 2976506
110 2976506
5 2976506
120 2976506
194 2976506
145 2976506
120 2976506
94 2976506

187 111705682
154 1055711
19 1055711
101 1055711
160 1055711
104 1055711
34 1055711
42 1055711
49 1055711
90 1055711
77 1055711
110 1055711
48 1055711
21 1055711
10 1055711
16 1055711
197 1055711
171 1055711
72 1055711
60 1055711
71 1055711
84 1055711
200 1055711
56 1055711
18 1055711
38 1055711
76 1055711
181 1055711
163 1055711
61 1055711
103 1055711
195 1055711
22 1055711
114 1055711
58 1055711
160 1055711
69 1055711
176 1055711
67 1055711
122 1055711
83 1055711
61 1055711
32 1055711
176 1055711
163 1055711
11 1055711
31 1055711
192 1055711
121 1055711
186 1055711
60 1055711
163 1055711
186 1055711
1 1055711
25 1055711
54 1055711
147 1055711
84 1055711
71 1055711
83 1055711
4 1055711
44 1055711
35 1055711
24 1055711
177 1055711
14 1055711
29 1055711
86 1055711
189 1055711
197 1055711
141 1055711
46 1055711
22 1055711
78 1055711
15 1055711
105 1055711
163 1055711
139 1055711
159 1055711
179 1055711
195 1055711
147 1055711
48 1055711
71 1055711
93 1055711
124 1055711
89 1055711
145 1055711
33 1055711
21 1055711
83 1055711
58 1055711
60 1055711
175 1055711
110 1055711
62 1055711
79 1055711
101 1055711
30 1055711
110 1055711
78 1055711
162 1055711
61 1055711
128 1055711
132 1055711
110 1055711
158 1055711
131 1055711
12 1055711
13 1055711
121 1055711
121 1055711
107 1055711
48 1055711
75 1055711
106 1055711
173 1055711
156 1055711
51 1055711
182 1055711
86 1055711
175 1055711
190 1055711
99 1055711
1 1055711
147 1055711
40 1055711
32 1055711
85 1055711
71 1055711
15 1055711
63 1055711
117 1055711
86 1055711
102 1055711
81 1055711
98 1055711
169 1055711
51 1055711
46 1055711
65 1055711
74 1055711
148 1055711
69 1055711
68 1055711
145 1055711
133 1055711
193 1055711
120 1055711
108 1055711
13 1055711
81 1055711
185 1055711
136 1055711
24 1055711
158 1055711
145 1055711
52 1055711
68 1055711
72 1055711
161 1055711
151 1055711
192 1055711
148 1055711
75 1055711
137 1055711
24 1055711
126 1055711
122 1055711
146 1055711
59 1055711
5 1055711
117 1055711
8 1055711
40 1055711
79 1055711
8 1055711
192 1055711
104 1055711
159 1055711
18 1055711
93 1055711
151 1055711
12 1055711
37 1055711
69 1055711
97 1055711
137 1055711

28 13486
158 469
79 768
26 446
45 217
9 434
171 557
111 453
88 390
74 556
165 997
21 812
79 983
149 854
46 496
105 331
20 333
130 548
99 422
132 457
142 190
98 541
118 178
94 279
40 470
3 290
176 371
196 867
14 408

37 16258
108 54
197 204
182 257
111 628
165 394
119 687
169 643
127 507
21 790
35 810
168 141
92 51
62 243
44 426
84 454
74 119
43 760
53 810
108 711
109 871
128 903
63 479
114 593
67 415
114 49
7 170
141 983
91 168
183 548
187 490
120 453
117 744
51 248
176 220
117 715
114 185
179 855

218 10750
82 550
169 150
117 124
74 29
99 915
66 202
124 918
99 105
182 935
87 27
136 164
108 105
125 815
32 339
45 850
199 440
146 954
140 421
18 887
13 449
56 21
79 659
180 290
180 99
148 547
29 923
138 750
182 172
46 300
106 834
74 39
28 744
6 437
187 48
57 218
160 612
77 969
126 749
96 107
92 436
172 821
161 633
9 877
88 663
134 438
74 656
126 323
195 520
5 584
197 707
114 423
54 619
3 321
31 698
138 198
104 851
87 669
125 220
52 689
39 943
162 819
131 445
97 329
165 593
151 204
4 494
65 26
164 443
143 382
143 350
150 931
169 775
80 423
4 712
90 956
112 578
181 388
52 650
25 503
111 349
67 866
143 699
66 560
21 442
184 347
163 378
12 970
101 28
98 218
85 536
91 361
43 240
100 31
72 72
110 538
167 515
126 186
8 737
16 880
169 511
188 198
76 483
55 197
176 825
116 710
113 843
167 481
37 467
156 918
197 972
163 670
183 726
35 198
77 452
15 99
174 521
114 945
26 67
52 35
185 710
38 648
140 983
85 642
134 305
108 59
159 619
94 313
11 55
158 498
23 208
131 341
31 574
54 794
146 896
99 426
125 334
181 964
29 467
183 925
183 887
95 547
76 291
92 464
50 706
19 102
30 681
121 490
78 877
41 324
158 648
94 353
167 764
65 243
187 773
100 107
127 136
194 797
82 591
62 790
166 860
92 756
189 983
147 348
51 902
30 908
105 977
99 119
72 890
145 527
182 494
137 272
24 373
33 79
177 28
91 327
53 373
23 668
172 2
27 343
150 99
15 294
175 881
174 673
62 496
180 680
3 274
113 375
86 67
133 63
91 352
157 428
55 559
150 965
192 998
183 644
111 962
38 724
69 288
87 855
30 248
11 295
41 986
133 681
159 406
186 253
31 322
107 474
92 815
22 788
172 3
96 669
111 940
143 335
160 885
196 666
68 123
107 977
173 779

98 30655
128 280
76 133
34 730
127 142
168 583
142 433
190 4
7 589
132 827
69 398
25 328
11 814
41 359
191 797
179 487
43 104
98 598
17 787
46 491
186 894
162 653
155 748
19 147
150 920
11 987
81 492
17 407
63 120
181 723
166 922
44 546
110 562
20 141
197 263
149 562
72 369
89 879
75 842
37 144
127 883
86 804
84 976
32 970
114 825
72 919
34 385
9 36
52 887
96 727
54 973
94 894
120 119
5 639
36 60
155 483
98 273
187 40
52 871
56 187
132 342
17 824
168 292
49 432
28 454
193 267
98 392
29 347
145 112
71 944
118 619
197 733
87 87
46 880
31 861
168 861
64 810
26 409
8 761
53 701
143 230
77 566
50 885
168 158
9 617
96 846
103 653
19 867
107 63
192 556
34 598
78 547
24 622
178 721
119 122
199 544
194 534
23 653
88 609

184 14133
54 811
56 205
50 708
97 228
162 848
151 814
50 700
112 701
90 51
79 886
158 889
61 732
89 567
11 168
162 843
124 307
199 711
2 442
3 373
15 530
175 147
111 958
92 262
133 717
141 894
174 163
119 167
165 836
172 896
77 590
198 843
191 322
155 697
170 142
170 875
52 251
87 10
157 685
6 579
192 937
177 387
14 781
58 128
152 561
76 306
132 458
101 885
35 405
135 390
52 251
116 440
52 395
183 69
99 396
26 889
175 319
135 818
16 877
92 725
105 593
40 620
132 983
165 665
60 802
156 596
16 25
103 757
160 138
20 647
3 418
33 611
66 648
65 844
163 388
154 378
113 977
183 219
25 872
8 409
42 46
96 69
149 286
31 921
50 114
25 810
54 600
10 327
198 957
107 159
200 562
166 186
2 825
68 103
60 828
9 181
75 797
191 282
3 163
30 91
112 342
67 567
120 72
45 135
77 950
173 641
114 773
146 512
98 239
158 321
169 324
175 258
2 190
156 34
29 135
60 809
65 4
193 213
42 999
90 766
71 128
83 324
11 140
10 23
21 254
94 671
32 351
87 861
149 860
166 361
185 879
128 44
35 54
6 901
106 604
198 518
113 398
65 161
182 999
166 873
173 427
37 921
161 120
125 592
108 527
148 816
160 196
117 881
89 189
146 444
76 844
137 421
192 36
152 637
196 361
116 259
151 574
50 205
153 264
200 243
65 352
166 843
115 877
2 206
17 199
68 774
137 106
151 134
78 359
94 285
81 645
44 906
7 377
9 378
92 111
138 167
137 404
165 326
5 693
173 414
178 145
1 102
113 536
43 115
49 204

34 28332516
197 6038477
118 9403044
132 2977232
35 3133832
181 8941289
29 8306514
53 7322836
34 8528969
76 308386
163 7062714
14 6348253
53 7083472
83 4960978
170 2655266
147 2420038
173 7019966
195 5708972
54 9060418
200 2776763
89 4650556
195 1700294
190 6999160
197 1963077
98 8426914
102 2675960
192 9381597
166 6864222
87 953841
53 8231102
189 3475886
1 4807561
117 2729053
178 6246647
90 2893817

85 44532208
109 3558072
186 1076095
99 8212016
113 198531
65 9140954
127 1113111
18 1734038
21 5836337
150 4072571
2 8264674
160 1419654
54 6296132
183 8229638
69 8616754
7 784889
153 8842486
135 5666153
115 9575598
99 195605
126 31427
38 1684604
111 7481069
69 4340150
25 4828235
94 6470809
115 1584618
21 9971158
125 7402025
50 9307538
149 3057881
165 8073549
120 3809084
197 7733898
30 7608800
2 4903695
71 7165557
23 6782507
52 8705747
73 9408828
69 3170658
162 1416856
42 9543487
154 4383987
42 104197
45 4034798
150 3916146
50 8556722
130 9490934
124 2326432
63 7771892
75 4517480
78 3589917
182 2606136
1 5591274
186 1893583
185 9096484
19 2449824
183 3229165
69 2525765
127 8345591
11 5848609
160 9124464
52 5233460
140 7257649
51 6188252
146 6202712
185 7765577
82 9877551
198 1369747
31 6657621
183 4283197
165 1041948
175 9672529
183 1831047
118 8827336
101 8750044
176 1323025
23 4630710
185 7797370
188 9432652
146 9656713
178 3314631
2 433250
194 1329268
21 7015286

44 174908527
30 7770693
56 3780384
117 6814565
89 7551281
94 5296540
144 968529
140 7092978
31 2414029
66 6860852
4 5731815
50 720427
40 4553169
197 5682461
146 3158288
140 7402421
178 3388340
78 6440558
158 5460223
122 5300955
198 3282649
64 9202601
34 6069903
69 363849
54 8141124
129 6863603
61 2741893
132 1544654
88 4452401
79 291086
71 9595007
159 3965677
165 6864245
179 5690916
116 8686160
200 4218958
136 4523005
158 1489473
196 8218837
23 9999476
106 4238970
72 1073555
135 4116891
79 3358390
125 9967473

190 915345385
72 7003545
55 4102773
156 5739403
121 8754492
50 8362369
136 2341597
12 8453543
86 3547359
98 9196470
148 3291626
174 9508659
27 2725397
76 5117710
189 3738988
61 8358488
71 291761
14 4373905
86 8306091
103 6111765
27 8314742
142 9236851
97 8935326
89 1337595
103 1700177
44 8669532
173 7677429
17 2919857
37 7268874
39 3817465
77 1054679
143 1696499
62 3986875
9 2484830
70 7281839
38 4518566
164 3683301
14 874570
88 3816496
140 9197351
44 8923831
24 1571237
185 3592245
86 8769049
50 7878675
64 2128299
15 3219112
91 4289749
173 7577055
148 5154784
4 4986313
175 2132258
23 394267
7 2628423
117 9883053
80 1219124
179 4196326
43 5554803
64 6582780
114 1800118
107 6448075
67 1431597
160 3597973
34 7356070
111 5911379
25 8256866
11 9936066
175 1462869
27 7124282
39 5244912
12 7043223
56 7784478
154 186841
93 4690578
104 7445843
199 1381370
136 4989081
194 3159009
181 5391434
155 7383258
163 445770
8 1495661
74 5191620
50 4868506
171 7972651
3 9501080
38 8443096
62 9163976
135 7365476
197 365585
81 5479198
1 1492434
88 9681708
90 522472
181 8594868
38 7070844
113 5836562
69 6657508
127 3343356
41 2091921
188 4030480
116 9881531
65 3096306
22 6155521
113 8839598
108 1487136
114 9511688
36 9347056
149 2027447
172 3104865
43 610673
34 8798766
144 7409855
131 222895
198 5285641
92 6977932
189 4926513
76 4746463
156 4820269
102 4509538
63 2698495
110 9798026
95 6377584
130 4633960
41 2659658
78 5007935
74 5014549
4 3042427
42 2638346
13 8996664
200 8988316
138 5656908
118 2765789
115 3570300
181 7055006
9 3257741
198 3003903
112 400422
25 855982
43 48581
107 5043520
12 4626238
148 9695074
174 1966214
85 8353619
142 7369230
85 4340829
186 2520650
158 1543798
52 9239773
57 7931891
4 4480749
8 5629023
84 7961197
135 8167642
98 6198834
47 1127777
8 4104164
112 1708
101 924463
46 9810245
22 2740507
17 8818052
155 9668185
64 1893118
163 985038
153 9281136
143 2886753
46 2677056
11 7816326
16 715950
17 2927260
120 8358685
131 5139277
12 3013948
85 6416871
163 2327365
96 6425629
190 9994304
111 8817336
30 2286511
112 7049345
85 672577
84 415953
72 1033240
186 1440483
138 4516340
101 6116100
28 2086214
148 8428698
181 666976

225 262790022
1 4257164
9 3558013
33 419605
61 241451
172 518668
49 1848411
162 8410227
4 1438402
57 7130165
186 6368594
23 6784304
167 5245981
20 8948341
159 8028637
11 3101098
167 9885023
195 3775290
91 2556027
79 2187166
187 1002884
25 2841840
110 3776746
123 901678
161 4429040
165 3826478
61 7109537
147 3089284
187 4850218
156 1106610
148 5991919
24 4098430
81 8283622
43 1888921
50 3424863
199 3215776
56 1845209
169 7198669
176 1513247
125 7240874
46 406129
53 1210658
126 1222434
81 5075112
107 8193393
42 2534224
120 2326057
155 2862757
185 8773398
5 8698279
173 1083063
2 1272580
111 6726788
115 9677272
72 913797
78 4677934
29 4537606
29 8060422
12 1381294
7 2142836
8 5119773
182 4261445
30 3707866
133 369866
167 4148524
125 4055494
103 7856672
70 3743271
85 2439670
28 9324410
29 5804262
185 6485543
129 5137136
60 9087055
6 2803728
69 9823344
35 7803481
79 3548607
71 4031442
17 5155689
185 2967084
83 2875326
151 9111105
143 3984910
31 3914567
96 256042
124 8660863
36 5631579
180 6920389
196 375398
117 7973799
139 1083489
70 427372
30 2355986
156 7182647
136 8336369
158 2666703
182 2621627
200 7222203
65 3119076
137 4545895
43 4919979
62 7534533
6 6826112
173 943013
38 7237504
139 5071793
72 3728578
71 404561
78 8071306
134 9385489
14 9628341
11 1998581
118 748011
72 2787458
194 5223843
75 9026188
188 5213770
122 6292360
4 7992782
106 2879056
90 5479862
94 9400030
25 6465835
72 8936704
138 3305536
9 1778709
115 1209752
144 9227328
54 4062316
82 4914200
170 8930399
36 5170863
170 4871853
45 4881780
79 542872
65 2919864
69 2347025
45 4439682
29 7655819
83 9659836
82 5331254
14 7719802
76 6076489
106 159359
180 7070068
86 3518450
135 9685418
186 1731113
24 2105994
15 8784403
136 1660882
1 6207390
122 7876929
162 8720711
11 6395253
90 62065
9 4606826
28 2268024
7 337259
4 4301369
46 5865132
147 842933
177 5543504
85 9279936
170 2175166
13 9984528
128 7119663
69 5051207
200 2420753
12 3684562
84 7411847
75 2967397
106 4353106
45 4142197
78 1166134
200 4384017
180 7451003
111 1390209
177 4517156
30 5518207
53 9650726
107 2168377
13 8865736
74 3258871
31 9081974
199 4173760
1 6221120
183 2126599
120 4802495
62 6671903
102 274584
87 6684179
144 7111483
76 8008082
193 4998900
143 5249432
164 1587672
167 5611065
7 426888
70 9993356
173 5680830
138 6648169
42 386441
44 6713952
171 1610771
159 4055274
117 7644780
161 7652145
37 2678761
106 7641200
130 2201681
46 9230375
98 7551624
109 9990680
161 6990884
193 7479408
153 9887371
134 9428508
22 6452877
185 3727266
176 9463269
100 885761
190 1533552
24 6075741
179 7010954

267 569664484
80 8709513
135 6500913
159 8038389
37 2918167
33 1918095
89 1180248
17 6790598
144 7022584
190 6156101
15 8114477
24 243345
191 9496953
149 1463317
50 5336721
58 2121647
21 9288478
107 110361
65 661328
96 8099404
65 9964787
9 2144062
112 6810716
150 5392628
87 2268397
196 5090926
83 7122094
60 6312397
147 5872882
88 5880465
28 8807325
144 9275656
56 3888309
102 537394
101 162159
141 5035562
29 4293115
119 6093327
93 3965249
43 2862946
131 9260104
185 4292924
18 3113565
58 6701897
131 4704076
6 7937751
162 9343570
59 3751232
119 7347200
81 1163047
87 1997208
138 6950921
175 6585544
54 4451385
69 7799628
162 7425181
173 1790725
16 8971535
40 9312293
101 5731136
90 2305643
57 7560773
195 774429
123 7859227
155 2422633
162 6002853
96 2424241
30 7324422
196 5667731
117 9070768
66 3010591
124 6012683
111 8051414
198 8088329
48 1281254
64 6431598
49 5485635
83 487008
44 8302124
12 3744187
8 9938250
104 511178
152 9160452
117 1232936
147 2347013
174 1120218
73 1131443
149 3951933
161 7362722
89 8082205
13 2161110
146 2907575
159 7063014
173 6863044
153 7358806
40 3411190
189 7420807
81 8120604
16 9084317
89 1491996
180 389455
112 9630001
11 9791590
163 7940995
180 5535324
51 4329913
188 3583227
45 6795569
188 2477896
62 2279097
24 937779
88 2591033
83 6007820
67 7825575
62 9334993
142 4847679
22 6928808
132 8449194
79 6253058
179 9378719
145 3825767
153 4843758
183 1543853
30 1108850
3 8849424
9 5984443
9 928006
3 2386770
2 9337798
43 8609249
83 819187
113 6121786
172 2088285
66 3227519
100 1473581
136 69764
36 5583941
177 7925394
64 3546073
136 9525875
124 4991913
48 8623477
196 3796995
102 7063418
103 8237973
171 3200305
32 6260740
52 8250264
185 7917630
173 525356
103 7815834
51 7606413
102 6150355
167 4775071
6 5792541
157 9789076
76 5304929
168 8767250
56 4947385
114 9212871
121 2807236
26 101174
91 8839140
187 1348739
36 6698913
106 2175015
53 6912898
166 4387969
173 5399020
68 6700407
57 8048212
180 4491255
157 1979113
155 3249061
28 3874802
123 1142963
114 9509162
15 5934004
153 1917776
7 2411524
71 2702071
188 3893410
67 2675600
97 9245206
6 1600345
60 5962468
134 7948074
84 1684785
161 5987238
162 9068116
157 8510034
1 6941427
69 6085885
143 4226980
136 3481549
185 9762818
6 147190
127 1985975
158 5551097
137 9555909
83 2173955
136 7471711
97 2696883
21 7141279
118 2922929
42 5759378
130 9835046
49 5948571
9 404174
191 15086
178 4229062
36 2655797
32 1116383
39 5631189
192 4539295
115 2806388
27 118115
14 7832479
96 1203570
23 4680493
130 9638036
27 1277047
138 2008225
185 5799047
69 8348617
139 8421646
191 2629234
57 9700189
193 1387498
74 9596668
102 8221683
165 94988
53 9468186
52 8238010
134 3588463
165 5456358
9 5330357
153 9109114
1 7032766
195 8575702
89 6456632
105 6181162
168 1230591
178 3266052
193 752256
5 9570437
120 7027851
24 453051
124 792709
177 4767425
90 9029143
135 3768026
37 8215306
83 2487341
2 985374
178 4583954
40 5331189
197 8698422
10 1449576
43 5347319
129 1847879
107 9304434
159 9508272
21 5351899
152 271576
129 2994378
183 7215168
172 590680

68 289592498
161 6126858
164 1514337
68 7522072
144 2802192
19 5566107
4 6275490
19 3755726
106 67472
74 7716620
194 7457856
22 6646647
92 9681683
170 7240606
169 8656122
81 6142579
150 5485470
81 2626314
43 3398792
189 7558659
135 2022510
197 8329340
138 7475846
152 1533259
19 788148
121 4980369
51 2859420
144 2839693
50 1843235
16 1299564
93 5293672
42 8662123
105 7447252
60 8541715
97 8879828
194 936542
99 5328512
28 5982787
20 9450097
157 8961482
103 6501341
76 1882404
153 1522503
148 3019222
97 4986511
21 8417056
33 2280899
84 5694790
9 7881339
109 1662079
170 4894591
135 9199641
9 8255022
150 7372600
94 5760816
71 4933465
198 9961064
138 6740709
132 5175622
9 3327282
145 3497363
20 2929273
178 6808554
51 2975168
1 1145620
194 7077551
186 7171807
40 6733375
109 4972822

232 844741859
67 1160763
53 5020189
94 4482427
167 3329131
35 7005859
167 8818361
45 9457743
66 3987714
29 487330
101 3619321
97 3042698
139 7678689
116 5570967
193 5082415
118 7004365
8 3875651
126 4688209
62 9357808
61 8776577
104 6589074
117 5432056
177 3149829
135 6578956
80 4499409
151 4614441
199 3804283
93 9482264
177 2226668
49 5704695
75 6226513
172 372646
55 3146567
123 3605559
95 5729813
38 7439562
20 5458027
98 110377
61 9533487
99 9478168
44 7126043
18 2844812
139 9059203
172 8471234
196 6044486
73 2187339
9 6855657
14 5644592
69 7144453
24 2665404
106 2998790
199 490122
194 557058
57 8382471
18 1482193
112 217001
73 6557569
150 6799050
151 9123750
167 8298283
74 2746260
14 2151670
74 6911534
171 2711982
135 5577467
79 1856533
46 9649487
50 9067251
96 7684528
71 2825781
50 9586809
52 8041146
64 9015410
199 9488519
16 4916263
111 186938
18 4113943
137 4963709
104 2157395
2 7998511
162 1988638
82 2247486
120 4203258
180 1069205
119 1588318
157 4671723
152 8492434
53 8598551
134 7906489
96 5270514
63 8581370
113 4521319
180 3316194
126 8853019
18 3683691
64 96732
35 4293593
169 6306559
181 8209962
143 2030382
124 4661486
29 2681718
136 4587674
185 238848
1 9639698
77 263451
148 9004107
85 5964009
80 2440399
86 8956826
136 6602231
87 6070110
116 3889550
1 5366746
75 6549241
119 2957041
150 9389909
30 2165203
116 8525703
176 3473491
184 7409889
179 264191
40 8708106
135 3738266
17 2870776
127 4762457
44 6032491
68 4606389
1 3256689
135 1917274
48 4347740
113 2532413
99 8235743
158 9323903
145 5395119
22 8561787
55 1825425
124 4519050
149 262319
142 4159970
38 7360034
1 1783810
191 8183122
30 3305360
177 1795327
66 2599925
192 5886627
28 6903566
148 9694096
190 6105834
173 2015636
19 495336
173 555598
70 7271758
32 2176952
31 7192002
140 5763036
80 3388842
177 6430857
49 5400743
26 1312050
101 4121909
173 4831373
89 5052002
142 5807459
198 7832425
72 7131156
55 8987429
125 7662675
140 8041457
61 9167875
42 779625
131 3068531
172 2259465
51 1514644
50 5120979
86 3670423
148 9727938
54 5954776
75 3681739
112 8366621
35 3865985
54 5043376
20 1392670
169 6641841
147 2861291
30 4951929
19 9143324
163 3605975
35 8773913
100 9702910
180 8413585
46 9828714
127 5287274
73 6443285
128 4032042
106 7805004
171 5499276
175 5901202
157 5775960
87 2293488
13 3420031
31 3419794
191 7327392
156 3424981
41 8942038
3 3209833
127 2048121
70 3188231
47 6868987
194 9884767
121 1165376
156 3385110
166 4660930
12 1561433
118 2231448
38 9996236
11 9279713
180 9419181
32 6413198
167 431667
38 8212061
149 8207101
133 8013154
14 5272481
32 8920423
170 4424314
8 5820130
20 8949501
123 5722365
7 1414337
105 7076058
81 330933

181 552389102
147 459639
5 7383417
47 6438854
139 4131985
186 5995714
18 2289250
35 5018365
191 5376853
122 6500937
111 2176393
156 4433359
173 7176489
95 6871830
152 8990082
145 1870437
73 483775
21 9563982
32 4017755
50 5549112
190 1596367
26 1010323
29 9348491
62 6846331
37 3231836
176 7485191
60 3161310
38 6019639
47 2991401
23 5874349
29 5963124
139 7855306
196 6242548
193 8120151
67 5840010
74 60130
46 9747747
66 2180081
197 7442767
136 8712463
149 4661830
100 4620486
198 9600315
2 7773109
165 3631051
76 5719315
44 3139708
88 4308216
94 9018984
189 6555410
170 479322
59 1018259
179 3435769
151 7066130
146 8285989
142 1207954
43 6836368
89 4950828
136 1297729
129 4339747
90 6248164
187 3854499
14 5486389
72 398912
73 6265726
20 6962662
78 5362547
55 5902699
170 7873293
135 5425789
90 8234169
173 6381138
155 2273278
25 3177722
70 2203356
97 1036508
166 5005396
173 8837918
138 38162
55 3665588
182 5697217
69 868550
136 3756478
177 720360
58 7110413
34 678178
77 4618847
107 8288832
35 9575348
51 5962625
97 1422154
158 4198763
122 394970
58 7665123
12 843516
186 7480666
37 5125335
141 6241792
123 6958526
78 6888902
8 2138042
43 8964532
101 8764754
15 7010443
1 8364414
22 7501225
109 9566033
178 3334041
75 3303001
65 3627827
190 3441328
167 8807515
32 1724119
21 2004756
14 5326592
7 3714710
179 1346580
103 1233243
75 4482977
112 2082861
187 7345084
133 2583241
91 6853617
81 9432420
27 5746278
101 5974695
129 5232708
165 8747320
60 8643636
131 8125219
123 4358308
39 3437404
98 5430298
151 5321438
181 3909543
11 1093658
81 2791494
182 285971
9 4528031
45 2650234
192 8345189
151 9301970
134 7961585
156 2278117
119 1138658
62 7068961
102 988971
101 5713039
128 1441300
164 6482852
35 9912601
32 9496307
194 9419474
8 255436
45 5214474
155 2862323
97 2139295
138 1857677
58 5029093
114 4740009
8 7144466
60 1651675
116 5535068
79 2743578
145 7095626
114 7503221
41 1144471
82 8977510
84 1373471
170 7507157
95 4565714
31 9729992
131 3862145
163 183595
162 2025309
76 1617725
176 2926860
72 4154480
167 1240210
44 5566653
156 5382407
87 4962418

275 854989773
129 9108232
169 2213574
141 5071099
162 3780289
54 7280288
186 8908753
52 4805002
171 5583885
64 7792016
3 3060966
161 6135697
186 8894271
34 3750839
82 7903429
47 2816824
78 9404163
35 8276918
37 5148097
68 1101015
162 5932327
137 3004606
136 9784818
143 7367529
78 2728894
1 9536162
153 1647471
191 3214858
87 1693241
46 5840667
174 3450181
167 9915074
36 1021257
193 7916838
38 2992956
163 8627727
195 7683815
43 8134599
24 8180580
57 8158543
15 8236581
114 6863380
172 7501515
73 618479
158 9520858
196 9683929
61 6297754
65 8995679
104 7884461
7 9553970
178 4057388
134 215403
187 3642436
114 2322810
54 62948
200 3037173
21 3693335
169 6105759
103 9678703
111 1727937
102 9733840
45 2536216
66 1521626
20 2108405
81 4084995
143 581621
2 8267297
37 3043001
79 85697
143 9722615
25 8313467
184 6967392
191 7481799
62 6985165
165 8237400
46 2288319
176 3722546
141 71176
49 443301
145 8908493
186 4657608
196 7537869
42 6856036
60 8955169
95 2432997
38 8574462
91 1063331
130 8102023
188 7026016
50 3428126
145 4885507
87 3414116
169 9602469
126 5639465
143 8938135
130 5004865
84 4051676
187 7961349
99 7549966
7 7019197
101 7209015
4 9271842
1 1821251
183 903985
114 8733636
129 8469829
12 6657687
183 9722495
7 200288
145 5813828
137 3493534
134 3413589
55 5021883
96 95613
157 971978
41 9503293
55 6582721
114 2849076
53 7326734
67 8270987
175 5433621
177 9799028
58 3629460
170 5434089
136 8531059
80 6097346
138 2948300
60 4080782
193 8242032
72 5212431
182 7413920
83 5430934
82 3132892
75 990054
186 3555187
16 3642879
199 6595355
187 1232431
116 3633850
12 9109508
200 9894872
109 7806716
178 7800764
117 1760850
190 3473229
19 7099717
101 5061581
63 7331818
160 9182113
37 5826944
188 4507857
128 1341454
155 8964706
101 2101729
106 1930662
133 1183057
1 5322336
172 5645046
19 7569817
69 4635737
18 8731087
163 7366088
44 4127044
47 8623733
159 5562605
169 4720364
9 5941091
74 8421418
200 5146197
81 7413410
12 88440
173 8990827
106 4820327
88 9699086
153 3593427
63 8853027
61 8197650
119 518593
37 3299628
6 3392612
193 2875264
121 4626677
126 459772
55 8072225
100 3845461
58 7321757
50 7825492
173 4418176
39 3105223
51 1175454
33 7894701
125 1623384
188 2900137
159 9208019
170 4562581
196 4745996
81 8572339
46 3273293
103 6427233
22 9129008
32 732408
134 1453531
25 1267602
1 7575816
81 1260554
170 9015609
146 450623
179 9060214
78 4443454
181 1953177
26 4966137
108 673961
114 7006029
81 6796006
136 873226
146 1346982
30 9027846
153 7760877
79 5611818
50 4094704
131 1498335
17 5921250
160 3582492
115 7226745
200 9355718
138 9709679
11 339826
136 4630648
22 9686925
23 5930788
77 699001
131 697546
18 5579176
55 6670753
77 4485797
120 3555094
184 3969678
160 6417753
198 4420567
10 966314
135 6665042
195 677383
62 1296592
70 7891648
174 6472771
55 1789188
123 2671511
80 878430
127 9642367
164 4784559
83 8429509
81 7966468
192 4741246
13 7583950
193 9763636
130 8158179
15 7126420
89 2827195
141 2301380
81 5227398
112 4364818
120 3448826
109 1031670
16 2438330
91 641759
195 5927799
155 6878385
89 5788424
40 7955184
170 2474729
113 4163807
178 2238798
25 5118087
143 3584116
1 4883624
135 8998416

232 384444573
194 3446897
27 7771802
21 521022
68 3632985
128 265029
41 7456996
80 8581108
173 2054047
91 3881621
30 4110783
167 592514
155 6723208
65 1448700
182 9360382
68 7156894
193 3675676
107 6886888
198 8990794
35 2097052
199 9515556
77 5053664
100 6901158
161 2115474
195 8199852
42 2813417
16 1908484
4 4206741
144 595963
76 5678036
73 9158662
113 4619893
7 2747215
56 9317535
96 4853027
24 1867828
177 5273104
114 8532397
15 4560668
14 5769724
19 5829629
28 5666380
162 3262322
28 7426214
138 1872655
16 4210815
26 7584532
145 2842612
107 3936751
125 3214058
49 4008464
152 4290341
100 4959256
154 5406206
42 9310659
41 8058377
13 9415945
43 6433365
198 6646067
99 6011902
132 1888028
104 8094131
39 2705251
192 2513097
94 4399152
4 3202969
183 1941061
96 5269932
22 7643481
81 6682100
105 7587125
170 3682017
82 6573174
167 6233925
145 1056169
17 4292309
30 9952226
165 5853871
55 6665690
77 297496
20 2942763
125 2743112
68 2626758
165 6003806
200 57057
105 6783269
53 3027316
131 7511503
75 1662169
100 4676979
122 23822
153 2519479
149 2553979
23 4966322
103 3365560
154 7231407
10 3239131
17 8168685
155 2224848
155 5752026
68 4707153
3 1811148
132 8466236
15 1241238
76 304787
80 9844263
62 1865049
35 2361327
190 8726324
53 3675477
8 7216286
66 9563236
87 9763551
14 5892044
101 5197283
63 9880277
27 9875645
140 1002778
18 2470448
20 2397715
8 6626251
71 2316456
14 2575855
194 2530454
30 612781
43 4783768
139 4613012
51 211423
90 4657278
108 8908598
87 2477881
182 6946646
135 6276317
149 8533519
157 7533642
68 2726463
149 7523653
167 3781358
101 4604128
100 1312968
115 4789401
147 8240358
143 7405858
119 788141
111 3992587
154 4154506
36 9921588
56 8974422
114 6396416
12 9268693
19 2860653
16 4251015
110 8805863
164 4750714
5 7981399
178 648565
114 4385675
21 4193698
103 623286
29 8639942
180 1122356
126 6860102
33 8052147
184 7939072
195 9131513
14 1602147
22 2409128
76 3241027
123 9528910
48 5953546
185 5269990
67 397823
59 5802507
141 7347367
150 1619374
23 1412101
193 5026029
64 9658089
187 5308032
168 5880980
186 3432336
188 17317
154 8433983
88 1968117
11 574946
127 6801816
33 9582202
62 5676765
194 8634284
98 2647396
194 4996260
107 8913171
95 3349541
13 5216530
43 6401423
111 6170823
134 3676415
123 6705440
26 4352182
39 9284273
16 4003714
82 3351693
74 5079472
29 3072690
16 5385930
101 4772238
104 6405499
65 9422477
125 9078056
177 5286794
166 240156
157 9126612
149 4351346
36 7926883
23 7511610
137 6841871
148 3680513
42 3750591
44 5168421
145 2997825
138 1182778
140 4759077
123 4533624
3 7962882
117 7568046
74 9334020
13 6995400
183 2823401
5 8426778
131 9988929
23 2710574
113 95522
92 9126864

210 547953741
126 7492710
86 4609289
169 9965700
118 7547346
16 4784138
26 9948914
16 8913834
152 3431209
12 357329
84 8407666
14 1345748
182 8023285
37 6910334
43 4106103
116 7367785
116 999211
153 422912
51 3610466
64 9847732
181 1330282
106 8473243
39 5400318
124 5838393
121 7610282
65 6599112
194 3225533
83 4533749
8 5340869
115 380036
185 4303249
19 3636625
31 5538010
197 5037294
61 7337510
26 9038004
52 3106676
93 1814802
184 9343914
56 91811
188 5770113
49 848655
83 310425
75 3583742
8 5812372
166 9579817
141 4946971
170 4313901
37 8545395
159 6779689
17 388747
165 6614204
157 7466764
118 3985370
4 7740015
169 9913402
180 2572746
16 5247336
77 7876592
183 1879626
68 8457218
1 4979202
121 5383630
103 7952656
131 3870600
49 5989935
17 4654303
39 2601747
148 2499034
199 40556
194 6521525
6 3528836
143 5062830
9 2942592
77 7272356
150 1108357
198 7964652
2 9221877
53 3308039
21 3900055
49 3523879
198 3509400
157 8534676
16 9348592
63 6041878
139 7836499
18 9936155
124 7684678
42 6544406
158 3618922
189 1959455
110 710006
129 1048290
104 7868557
32 7334881
182 4563201
51 5142146
101 809894
183 3747949
187 2567385
37 4675805
145 6861677
75 7105286
28 4575714
175 6242120
191 159160
100 9953435
159 7057076
128 438863
186 5057077
146 8996652
190 7501704
33 7818645
86 1714110
87 3032297
116 8168643
95 8368702
175 1994189
29 4128680
173 4450818
97 7640499
129 4037900
144 4341213
120 4464096
132 112367
130 9888527
117 9183433
44 4842000
136 6607029
82 6708049
18 1941615
62 6067013
49 6260928
198 4711703
39 4422848
154 9141251
142 8490054
155 5838355
170 762653
127 6276482
39 4940560
119 2306856
120 6006567
75 9810177
56 7722479
125 7069608
130 2051330
127 7825948
84 525865
68 6177191
115 5499304
49 3688881
9 7458500
22 7065680
200 6623446
54 1286039
168 6839380
169 5350816
73 1678865
40 8569731
77 986391
25 922634
36 8325301
125 4748804
22 2512507
159 5405720
176 1841474
29 6064335
3 8536462
155 6666726
163 778167
98 932003
50 2926309
153 2873619
11 1188097
85 6436264
59 4751130
142 4853962
165 7092731
50 8149274
141 4768062
173 909021
87 6219793
26 1796588
110 9782554
23 6758613
74 6682428
4 9659995
18 8831871
13 7472313
198 4456407
51 9383323
173 9546835
200 2489981
109 2271595
31 3219738
147 1919986
11 6443556
121 1403930
144 6386503
185 5797724
200 2852681
152 2795282
146 5417174
92 5395585
30 2861740
62 2217213
9 4051742
57 4450346
99 7087648
30 2829204
